date,cases_total,cases_new,deaths_total,deaths_new,cured_total,cured_new
2020-03-12,21,21,0,0,0,0
2020-03-13,26,5,0,0,0,0
2020-03-14,35,9,0,0,0,0
2020-03-15,35,0,0,0,1,1
2020-03-16,53,18,0,0,1,0
2020-03-17,55,2,0,0,1,0
2020-03-18,86,31,0,0,1,0
2020-03-19,98,12,0,0,1,0
2020-03-20,131,33,0,0,5,4
2020-03-21,137,6,0,0,8,3
2020-03-22,191,54,0,0,8,0
2020-03-23,262,71,0,0,9,1
2020-03-24,290,28,0,0,9,0
2020-03-25,410,120,2,2,14,5
2020-03-26,546,136,2,0,15,1
2020-03-27,703,157,3,1,18,3
2020-03-28,817,114,5,2,18,0
2020-03-29,1014,197,6,1,28,10
2020-03-30,1226,212,6,0,28,0
2020-03-31,1613,387,11,5,70,42
2020-04-01,1880,267,16,5,115,45
2020-04-02,2475,595,19,3,140,25
2020-04-03,2923,448,20,1,168,28
2020-04-04,3357,434,27,7,194,26
2020-04-05,3893,536,29,2,198,4
2020-04-06,4484,591,29,0,206,8
2020-04-07,5181,697,31,2,222,16
2020-04-08,5841,660,31,0,270,48
2020-04-09,6698,857,38,7,313,43
2020-04-10,7822,1124,50,12,350,37
2020-04-11,8852,1030,58,8,499,149
2020-04-12,10158,1306,72,14,687,188
2020-04-13,11513,1355,82,10,837,150
2020-04-14,13002,1489,95,13,1016,179
2020-04-15,14776,1774,106,11,1205,189
2020-04-16,16146,1370,113,7,1394,189
2020-04-17,18105,1959,127,14,1517,123
2020-04-18,20754,2649,148,21,1679,162
2020-04-19,24324,3570,176,28,1763,84
2020-04-20,26350,2026,204,28,1838,75
2020-04-21,29433,3083,233,29,2057,219
2020-04-22,31981,2548,261,28,2267,210
2020-04-23,33940,1959,288,27,2448,181
2020-04-24,36897,2957,325,37,2735,287
2020-04-25,39509,2612,366,41,3047,312
2020-04-26,42480,2971,404,38,3175,128
2020-04-27,45351,2871,435,31,3524,349
2020-04-28,48426,3075,479,44,4130,606
2020-04-29,50646,2220,546,67,4610,480
2020-04-30,53739,3093,611,65,5135,525
2020-05-01,57300,3561,658,47,5766,631
2020-05-02,62658,5358,695,37,6374,608
2020-05-03,68606,5948,729,34,7029,655
2020-05-04,74401,5795,764,35,7573,544
2020-05-05,80115,5714,816,52,7870,297
2020-05-06,85973,5858,866,50,8458,588
2020-05-07,92676,6703,905,39,9227,769
2020-05-08,98522,5846,956,51,10259,1032
2020-05-09,104189,5667,1010,54,12779,2520
2020-05-10,109740,5551,1068,58,13790,1011
2020-05-11,115909,6169,1124,56,17822,4032
2020-05-12,121301,5392,1179,55,19642,1820
2020-05-13,126004,4703,1232,53,21506,1864
2020-05-14,130716,4712,1290,58,23327,1821
2020-05-15,135464,4748,1358,68,24562,1235
2020-05-16,138969,3505,1432,74,26032,1470
2020-05-17,142824,3855,1503,71,27490,1458
2020-05-18,146062,3238,1580,77,28913,1423
2020-05-19,149607,3545,1651,71,31496,2583
2020-05-20,152306,2699,1726,75,36936,5440
2020-05-21,155219,2913,1794,68,40682,3746
2020-05-22,158207,2988,1867,73,43582,2900
2020-05-23,161397,3190,1934,67,47413,3831
2020-05-24,163913,2516,1993,59,49840,2427
2020-05-25,166473,2560,2034,41,53586,3746
2020-05-26,169303,2830,2110,76,61619,8033
2020-05-27,171443,2140,2183,73,67458,5839
2020-05-28,173497,2054,2254,71,71251,3793
2020-05-29,175829,2332,2330,76,74725,3474
2020-05-30,178196,2367,2408,78,78324,3599
2020-05-31,180791,2595,2477,69,80179,1855
2020-06-01,183088,2297,2553,76,82239,2060
2020-06-02,185374,2286,2624,71,88269,6030
2020-06-03,187216,1842,2685,61,91654,3385
2020-06-04,189214,1998,2749,64,94715,3061
2020-06-05,191069,1855,2806,57,97358,2643
2020-06-06,193061,1992,2864,58,100431,3073
2020-06-07,195017,1956,2919,55,102714,2283
2020-06-08,197018,2001,2970,51,104347,1633
2020-06-09,198590,1572,3029,59,109737,5390
2020-06-10,199785,1195,3085,56,113533,3796
2020-06-11,201221,1436,3138,53,115769,2236
2020-06-12,202935,1714,3187,49,118024,2255
2020-06-13,204428,1493,3231,44,119558,1534
2020-06-14,205905,1477,3281,50,121691,2133
2020-06-15,207264,1359,3334,53,123240,1549
2020-06-16,208680,1416,3386,52,126114,2874
2020-06-17,209745,1065,3434,48,128385,2271
2020-06-18,210785,1040,3483,49,130431,2046
2020-06-19,211921,1136,3531,48,132434,2003
2020-06-20,212978,1057,3565,34,134549,2115
2020-06-21,213946,968,3597,32,135556,1007
2020-06-22,215014,1068,3617,20,136670,1114
2020-06-23,216095,1081,3643,26,139248,2578
2020-06-24,216906,811,3657,14,141268,2020
2020-06-25,217791,885,3669,12,142194,926
2020-06-26,218604,813,3694,25,144191,1997
2020-06-27,219354,750,3714,20,146043,1852
2020-06-28,220071,717,3738,24,147095,1052
2020-06-29,220853,782,3761,23,148102,1007
2020-06-30,221598,745,3796,35,150397,2295
2020-07-01,222209,611,3831,35,152193,1796
2020-07-02,222871,662,3870,39,153248,1055
2020-07-03,223530,659,3904,34,154839,1591
2020-07-04,224210,680,3929,25,156459,1620
2020-07-05,224860,650,3953,24,157020,561
2020-07-06,225545,685,3975,22,157652,632
2020-07-07,226174,629,3999,24,159718,2066
2020-07-08,226795,621,4027,28,160913,1195
2020-07-09,227363,568,4059,32,162086,1173
2020-07-10,228000,637,4087,28,163093,1007
2020-07-11,228678,678,4116,29,164095,1002
2020-07-12,229357,679,4143,27,164560,465
2020-07-13,230029,672,4168,25,164954,394
2020-07-14,230642,613,4205,37,165966,1012
2020-07-15,231270,628,4234,29,167810,1844
2020-07-16,231801,531,4258,24,168955,1145
2020-07-17,232376,575,4271,13,169637,682
2020-07-18,232954,578,4285,14,170180,543
2020-07-19,233545,591,4299,14,170539,359
2020-07-20,234123,578,4314,15,170918,379
2020-07-21,234725,602,4331,17,171771,853
2020-07-22,235363,638,4350,19,172939,1168
2020-07-23,235971,608,4364,14,173392,453
2020-07-24,236616,645,4375,11,173854,462
2020-07-25,237264,648,4389,14,174415,561
2020-07-26,237947,683,4398,9,174721,306
2020-07-27,238641,694,4411,13,174985,264
2020-07-28,239315,674,4421,10,175812,827
2020-07-29,239986,671,4434,13,176437,625
2020-07-30,240664,678,4446,12,177908,1471
2020-07-31,241359,695,4460,14,179168,1260
2020-08-01,242049,690,4473,13,180581,1413
2020-08-02,242713,664,4485,12,181342,761
2020-08-03,243406,693,4498,13,182184,842
2020-08-04,244097,691,4510,12,183640,1456
2020-08-05,244784,687,4521,11,184969,1329
2020-08-06,245468,684,4534,13,186223,1254
2020-08-07,246154,686,4546,12,187576,1353
2020-08-08,246845,691,4560,14,188854,1278
2020-08-09,247534,689,4572,12,189657,803
2020-08-10,248228,694,4585,13,190555,898
2020-08-11,248922,694,4599,14,191598,1043
2020-08-12,249611,689,4611,12,192686,1088
2020-08-13,250303,692,4622,11,193473,787
2020-08-14,250991,688,4633,11,194823,1350
2020-08-15,251686,695,4645,12,196098,1275
2020-08-16,252374,688,4656,11,197143,1045
2020-08-17,253064,690,4666,10,197962,819
2020-08-18,253757,693,4677,11,199117,1155
2020-08-19,254448,691,4687,10,200359,1242
2020-08-20,255136,688,4698,11,201567,1208
2020-08-21,255826,690,4710,12,202727,1160
2020-08-22,256513,687,4720,10,203821,1094
2020-08-23,257124,611,4731,11,204786,965
2020-08-24,257749,625,4741,10,205649,863
2020-08-25,258430,681,4753,12,206804,1155
2020-08-26,259070,640,4764,11,208193,1389
2020-08-27,259707,637,4776,12,209628,1435
2020-08-28,260361,654,4786,10,210908,1280
2020-08-29,261038,677,4798,12,212301,1393
2020-08-30,261733,695,4809,11,213205,904
2020-08-31,262418,685,4821,12,214121,916
2020-09-01,263059,641,4832,11,215383,1262
2020-09-02,263684,625,4844,12,216742,1359
2020-09-03,264374,690,4857,13,217899,1157
2020-09-04,265066,692,4867,10,219095,1196
2020-09-05,265737,671,4878,11,220407,1312
2020-09-06,266357,620,4891,13,221370,963
2020-09-07,267047,690,4905,14,222252,882
2020-09-08,267742,695,4921,16,223502,1250
2020-09-09,268384,642,4933,12,224840,1338
2020-09-10,269079,695,4947,14,226274,1434
2020-09-11,269777,698,4956,9,227530,1256
2020-09-12,270447,670,4968,12,228673,1143
2020-09-13,271097,650,4982,14,229573,900
2020-09-14,271793,696,4993,11,230397,824
2020-09-15,272523,730,5006,13,231483,1086
2020-09-16,273273,750,5016,10,232706,1223
2020-09-17,274003,730,5025,9,234029,1323
2020-09-18,274808,805,5033,8,235136,1107
2020-09-19,275633,825,5044,11,236055,919
2020-09-20,276493,860,5057,13,236947,892
2020-09-21,277408,915,5069,12,237935,988
2020-09-22,278388,980,5084,15,239126,1191
2020-09-23,279358,970,5100,16,240352,1226
2020-09-24,280408,1050,5115,15,241656,1304
2020-09-25,281968,1560,5129,14,242883,1227
2020-09-26,283760,1792,5146,17,244006,1123
2020-09-27,285776,2016,5164,18,245132,1126
2020-09-28,287993,2217,5180,16,246074,942
2020-09-29,290293,2300,5203,23,247301,1227
2020-09-30,292601,2308,5230,27,248650,1349
2020-10-01,295025,2424,5254,24,249861,1211
2020-10-02,297729,2704,5282,28,251018,1157
2020-10-03,300613,2884,5314,32,252087,1069
2020-10-04,303940,3327,5343,29,253031,944
2020-10-05,307477,3537,5370,27,253944,913
2020-10-06,311559,4082,5401,31,255100,1156
2020-10-07,314788,3229,5442,41,256362,1262
2020-10-08,318111,3323,5497,55,257703,1341
2020-10-09,321812,3701,5530,33,259127,1424
2020-10-10,325917,4105,5560,30,260433,1306
2020-10-11,330418,4501,5595,35,261619,1186
2020-10-12,334813,4395,5629,34,262750,1131
2020-10-13,339431,4618,5687,58,264500,1750
2020-10-14,344004,4573,5739,52,266470,1970
