date,cases_total,cases_new,deaths_total,deaths_new,cured_total,cured_new
2020-03-12,4,4,0,0,0,0
2020-03-13,5,1,0,0,0,0
2020-03-14,6,1,0,0,0,0
2020-03-15,9,3,0,0,0,0
2020-03-16,8,0,0,0,0,0
2020-03-17,12,4,0,0,0,0
2020-03-18,12,0,0,0,0,0
2020-03-19,17,5,0,0,0,0
2020-03-20,18,1,0,0,0,0
2020-03-21,35,17,0,0,1,1
2020-03-22,35,0,0,0,1,0
2020-03-23,35,0,0,0,1,0
2020-03-24,35,0,0,0,2,1
2020-03-25,41,6,0,0,2,0
2020-03-26,41,0,0,0,7,5
2020-03-27,49,8,0,0,8,1
2020-03-28,85,36,0,0,8,0
2020-03-29,112,27,0,0,10,2
2020-03-30,119,7,0,0,10,0
2020-03-31,119,0,0,0,14,4
2020-04-01,134,15,1,1,17,3
2020-04-02,177,43,2,1,17,0
2020-04-03,211,34,2,0,17,0
2020-04-04,260,49,2,0,30,13
2020-04-05,305,45,2,0,33,3
2020-04-06,387,82,3,1,34,1
2020-04-07,454,67,8,5,47,13
2020-04-08,549,95,10,2,50,3
2020-04-09,748,199,13,3,52,2
2020-04-10,930,182,13,0,66,14
2020-04-11,1082,152,14,1,69,3
2020-04-12,1360,278,18,4,75,6
2020-04-13,1855,495,19,1,75,0
2020-04-14,2315,460,24,5,75,0
2020-04-15,2587,272,26,2,75,0
2020-04-16,3054,467,33,7,91,16
2020-04-17,3526,472,40,7,105,14
2020-04-18,3954,428,40,0,126,21
2020-04-19,4663,709,49,9,162,36
2020-04-20,5241,578,49,0,176,14
2020-04-21,5959,718,49,0,179,3
2020-04-22,6590,631,56,7,186,7
2020-04-23,7278,688,56,0,186,0
2020-04-24,7889,611,66,10,235,49
2020-04-25,8494,605,69,3,262,27
2020-04-26,9070,576,71,2,272,10
2020-04-27,9708,638,71,0,286,14
2020-04-28,10231,523,74,3,311,25
2020-04-29,10917,686,90,16,389,78
2020-04-30,11710,793,93,3,430,41
2020-05-01,12507,797,109,16,458,28
2020-05-02,13314,807,109,0,503,45
2020-05-03,14136,822,111,2,507,4
2020-05-04,14939,803,111,0,526,19
2020-05-05,15761,822,127,16,576,50
2020-05-06,16590,829,141,14,611,35
2020-05-07,17432,842,156,15,769,158
2020-05-08,18350,918,175,19,813,44
2020-05-09,19425,1075,186,11,1030,217
2020-05-10,20558,1133,195,9,1236,206
2020-05-11,21637,1079,209,14,1389,153
2020-05-12,22700,1063,219,10,1582,193
2020-05-13,23662,962,226,7,1745,163
2020-05-14,24580,918,240,14,1987,242
2020-05-15,25525,945,253,13,2468,481
2020-05-16,26462,937,262,9,2724,256
2020-05-17,27369,907,268,6,3088,364
2020-05-18,28290,921,268,0,3361,273
2020-05-19,29188,898,271,3,3614,253
2020-05-20,30091,903,285,14,3897,283
2020-05-21,30983,892,299,14,4281,384
2020-05-22,31807,824,312,13,4699,418
2020-05-23,32653,846,324,12,5163,464
2020-05-24,33515,862,329,5,5520,357
2020-05-25,34346,831,340,11,5908,388
2020-05-26,35163,817,349,9,6152,244
2020-05-27,35956,793,359,10,6440,288
2020-05-28,36730,774,380,21,6843,403
2020-05-29,37503,773,400,20,7333,490
2020-05-30,38238,735,424,24,7720,387
2020-05-31,38995,757,449,25,8091,371
2020-06-01,39723,728,473,24,8422,331
2020-06-02,40455,732,495,22,8809,387
2020-06-03,41191,736,515,20,9311,502
2020-06-04,41958,767,534,19,9877,566
2020-06-05,42720,762,539,5,10392,515
2020-06-06,43478,758,557,18,10924,532
2020-06-07,44232,754,567,10,11462,538
2020-06-08,44983,751,578,11,12031,569
2020-06-09,45722,739,590,12,12672,641
2020-06-10,46457,735,622,32,13419,747
2020-06-11,47181,724,644,22,14187,768
2020-06-12,47911,730,666,22,14955,768
2020-06-13,48636,725,678,12,15734,779
2020-06-14,49353,717,678,0,16573,839
2020-06-15,50042,689,690,12,17422,849
2020-06-16,50736,694,702,12,18340,918
2020-06-17,51416,680,728,26,19319,979
2020-06-18,52083,667,751,23,20355,1036
2020-06-19,52729,646,755,4,21448,1093
2020-06-20,53320,591,778,23,22596,1148
2020-06-21,53869,549,783,5,23798,1202
2020-06-22,54375,506,783,0,25036,1238
2020-06-23,54879,504,798,15,26198,1162
2020-06-24,55386,507,822,24,27588,1390
2020-06-25,55853,467,832,10,29002,1414
2020-06-26,56243,390,846,14,30491,1489
2020-06-27,56609,366,858,12,31912,1421
2020-06-28,56934,325,864,6,33231,1319
2020-06-29,57269,335,875,11,34322,1091
2020-06-30,57570,301,887,12,35240,918
2020-07-01,57876,306,911,24,36052,812
2020-07-02,58193,317,921,10,36802,750
2020-07-03,58491,298,928,7,37398,596
2020-07-04,58766,275,936,8,37856,458
2020-07-05,59053,287,947,11,38348,492
2020-07-06,59345,292,947,0,38754,406
2020-07-07,59522,177,965,18,39191,437
2020-07-08,59716,194,970,5,39550,359
2020-07-09,59908,192,979,9,39922,372
2020-07-10,60107,199,992,13,40299,377
2020-07-11,60295,188,996,4,40625,326
2020-07-12,60492,197,1002,6,40947,322
2020-07-13,60688,196,1009,7,41279,332
2020-07-14,60886,198,1015,6,41657,378
2020-07-15,61059,173,1022,7,42013,356
2020-07-16,61233,174,1033,11,42372,359
2020-07-17,61399,166,1043,10,42721,349
2020-07-18,61572,173,1048,5,43048,327
2020-07-19,61743,171,1058,10,43367,319
2020-07-20,61896,153,1061,3,43585,218
2020-07-21,62045,149,1067,6,43919,334
2020-07-22,62173,128,1072,5,44162,243
2020-07-23,62318,145,1075,3,44411,249
2020-07-24,62461,143,1085,10,44739,328
2020-07-25,62609,148,1089,4,45004,265
2020-07-26,62753,144,1089,0,45231,227
2020-07-27,62892,139,1098,9,45535,304
2020-07-28,63018,126,1100,2,45787,252
2020-07-29,63155,137,1102,2,46048,261
2020-07-30,63299,144,1105,3,46365,317
2020-07-31,63449,150,1106,1,46653,288
2020-08-01,63598,149,1109,3,46826,173
2020-08-02,63755,157,1113,4,47027,201
2020-08-03,63915,160,1114,1,47224,197
2020-08-04,64076,161,1117,3,47431,207
2020-08-05,64238,162,1119,2,47622,191
2020-08-06,64397,159,1120,1,47811,189
2020-08-07,64555,158,1120,0,48005,194
2020-08-08,64716,161,1122,2,48196,191
2020-08-09,64865,149,1123,1,48372,176
2020-08-10,65018,153,1124,1,48541,169
2020-08-11,65172,154,1127,3,48701,160
2020-08-12,65324,152,1132,5,48916,215
2020-08-13,65472,148,1136,4,49066,150
2020-08-14,65628,156,1139,3,49225,159
2020-08-15,65781,153,1141,2,49381,156
2020-08-16,65935,154,1144,3,49519,138
2020-08-17,66088,153,1146,2,49667,148
2020-08-18,66233,145,1151,5,49785,118
2020-08-19,66384,151,1155,4,49920,135
2020-08-20,66541,157,1157,2,50060,140
2020-08-21,66692,151,1160,3,50194,134
2020-08-22,66853,161,1161,1,50348,154
2020-08-23,67017,164,1166,5,50467,119
2020-08-24,67165,148,1169,3,50597,130
2020-08-25,67308,143,1171,2,50738,141
2020-08-26,67451,143,1174,3,50889,151
2020-08-27,67599,148,1174,0,51035,146
2020-08-28,67749,150,1178,4,51166,131
2020-08-29,67912,163,1182,4,51314,148
2020-08-30,68077,165,1185,3,51420,106
2020-08-31,68223,146,1187,2,51523,103
2020-09-01,68379,156,1193,6,51732,209
2020-09-02,68537,158,1198,5,51840,108
2020-09-03,68700,163,1204,6,52051,211
2020-09-04,68864,164,1209,5,52176,125
2020-09-05,69032,168,1213,4,52313,137
2020-09-06,69199,167,1216,3,52438,125
2020-09-07,69365,166,1218,2,52557,119
2020-09-08,69500,135,1223,5,52689,132
2020-09-09,69664,164,1226,3,52831,142
2020-09-10,69833,169,1232,6,52953,122
2020-09-11,70008,175,1237,5,53090,137
2020-09-12,70178,170,1241,4,53241,151
2020-09-13,70344,166,1244,3,53399,158
2020-09-14,70507,163,1249,5,53554,155
2020-09-15,70658,151,1255,6,53731,177
2020-09-16,70831,173,1261,6,53870,139
2020-09-17,71008,177,1267,6,54040,170
2020-09-18,71173,165,1272,5,54195,155
2020-09-19,71348,175,1278,6,54355,160
2020-09-20,71536,188,1281,3,54531,176
2020-09-21,71729,193,1285,4,54700,169
2020-09-22,71901,172,1292,7,54865,165
2020-09-23,72116,215,1298,6,55036,171
2020-09-24,72321,205,1304,6,55205,169
2020-09-25,72529,208,1311,7,55385,180
2020-09-26,72733,204,1315,4,55545,160
2020-09-27,72959,226,1319,4,55731,186
2020-09-28,73171,212,1324,5,55883,152
2020-09-29,73380,209,1331,7,56077,194
2020-09-30,73602,222,1338,7,56252,175
2020-10-01,73832,230,1344,6,56423,171
2020-10-02,74076,244,1351,7,56610,187
2020-10-03,74335,259,1358,7,56795,185
2020-10-04,74631,296,1364,6,56976,181
2020-10-05,74970,339,1369,5,57166,190
2020-10-06,75317,347,1376,7,57367,201
2020-10-07,75712,395,1384,8,57576,209
2020-10-08,76145,433,1390,6,57811,235
2020-10-09,76556,411,1397,7,58036,225
2020-10-10,76972,416,1406,9,58286,250
2020-10-11,77391,419,1412,6,58530,244
2020-10-12,77831,440,1417,5,58731,201
2020-10-13,78251,420,1426,9,58967,236
2020-10-14,78680,429,1434,8,59211,244
